accuracies = {
        'train':[0.5731,0.6043,0.621,0.6306,0.646,0.6558,0.6654,0.673,0.6785,0.6846,0.6949,0.7,0.7063,0.7114,0.7128,0.721,0.721,0.7268,0.734,0.74,0.7643,0.7835,0.7949,0.7994,0.8045,0.8113,0.8157,0.8162,0.814,0.8144,0.8156,0.8168,0.8159,0.8165,0.8172,0.819,0.8215,0.8224,0.8235,0.8238,0.8296,0.8308,0.8402,0.846,0.847,0.8524,0.8557,0.8613,0.8659,0.8709,0.8696,0.8719,0.8741,0.8779,0.8804,0.8846,0.8769,0.8799,0.8775,0.8788,0.8735,0.8746,0.8753,0.8724,0.874,0.8751,0.8761,0.8762,0.8752,0.8758,0.8775,0.8744,0.879,0.8773],
        'val':[0.5511,0.54895,0.58385,0.5931,0.5917,0.58715,0.57575,0.58705,0.61645,0.6123,0.6167,0.6348,0.6366,0.62875,0.64335,0.6267,0.63715,0.61135,0.64515,0.62775,0.6648,0.65265,0.6829,0.67945,0.6835,0.69485,0.6876,0.6816,0.6691,0.66585,0.66875,0.68555,0.69535,0.69065,0.68935,0.69175,0.69485,0.69215,0.69465,0.703,0.7098,0.70645,0.70685,0.71385,0.71375,0.71375,0.7159,0.7184,0.7184,0.71435,0.7141,0.7167,0.71455,0.7158,0.7165,0.7184,0.71675,0.71675,0.71695,0.7178,0.7156,0.7159,0.7186,0.71825,0.7185,0.71755,0.72065,0.71875,0.7173,0.7185,0.7147,0.7159,0.71805,0.71625],
        'val_major_voting':[0.4542,0.4468,0.5035,0.5156,0.5211,0.5056,0.5135,0.5416,0.5794,0.5592,0.5599,0.5863,0.5916,0.5778,0.5987,0.5944,0.5918,0.5523,0.6035,0.5889,0.6399,0.6156,0.6604,0.663,0.6554,0.664,0.6521,0.6275,0.6018,0.6082,0.6155,0.6275,0.6321,0.629,0.6286,0.6345,0.6388,0.642,0.649,0.6625,0.6697,0.6744,0.6747,0.6785,0.6778,0.6802,0.6878,0.684,0.6892,0.6852,0.6854,0.6897,0.6875,0.6859,0.6935,0.693,0.6871,0.6871,0.6866,0.6866,0.6825,0.6864,0.6884,0.6897,0.6868,0.6852,0.688,0.6909,0.6878,0.6885,0.6868,0.6883,0.6871,0.6914],
        'val_desc' :[0.648,0.6511,0.6642,0.6706,0.6623,0.6687,0.638,0.6325,0.6535,0.6654,0.6735,0.6833,0.6816,0.6797,0.688,0.659,0.6825,0.6704,0.6868,0.6666,0.6897,0.6897,0.7054,0.6959,0.7116,0.7257,0.7231,0.7357,0.7364,0.7235,0.722,0.7436,0.7586,0.7523,0.7501,0.749,0.7509,0.7423,0.7403,0.7435,0.7499,0.7385,0.739,0.7492,0.7497,0.7473,0.744,0.7528,0.7476,0.7435,0.7428,0.7437,0.7416,0.7457,0.7395,0.7438,0.7464,0.7464,0.7473,0.749,0.7487,0.7454,0.7488,0.7468,0.7502,0.7499,0.7533,0.7466,0.7468,0.7485,0.7426,0.7435,0.749,0.7411]
    }