accuracies = {
        'val':[0.31625,0.4119,0.3902,0.4414,0.4594,0.4919,0.4963,0.50085,0.48925,0.5286,0.4969,0.5288,0.54215,0.542,0.5011,0.5181,0.5157,0.5482,0.55,0.54735,0.5687,0.56475,0.57025,0.57345,0.5848,0.5555,0.5919,0.60585,0.5961,0.6143,0.593,0.60445,0.6305,0.6237,0.64065,0.61255,0.6099,0.6205,0.64385,0.65525,0.639,0.6225,0.6361,0.64905,0.65435,0.6722,0.67435,0.67825,0.6779,0.6773,0.6787,0.68065,0.681,0.67945,0.67755,0.6792,0.68645,0.68525,0.688,0.6915,0.6892,0.6928,0.69325,0.69315,0.6942,0.6952,0.7018,0.69445,0.69385,0.69065,0.69495,0.6916,0.6908,0.69005],
        'val_major_voting':[0.0945,0.1739,0.1934,0.2434,0.2482,0.3063,0.3053,0.3239,0.316,0.3739,0.3177,0.4039,0.3927,0.3934,0.3582,0.3684,0.356,0.4103,0.4101,0.4222,0.4444,0.4501,0.4494,0.4558,0.4725,0.4158,0.4763,0.4999,0.4927,0.5289,0.4925,0.5094,0.5575,0.5377,0.563,0.5211,0.5292,0.537,0.578,0.5899,0.5647,0.542,0.5711,0.5901,0.5916,0.6173,0.6166,0.6275,0.6256,0.6259,0.6275,0.6354,0.6337,0.6347,0.6302,0.6337,0.6375,0.6394,0.6444,0.6459,0.6463,0.6447,0.6504,0.6478,0.6499,0.6521,0.6616,0.6482,0.648,0.6468,0.6521,0.6502,0.6471,0.6523],
        'val_desc' :[0.538,0.6499,0.587,0.6394,0.6706,0.6775,0.6873,0.6778,0.6625,0.6833,0.6761,0.6537,0.6916,0.6906,0.644,0.6678,0.6754,0.6861,0.6899,0.6725,0.693,0.6794,0.6911,0.6911,0.6971,0.6952,0.7075,0.7118,0.6995,0.6997,0.6935,0.6995,0.7035,0.7097,0.7183,0.704,0.6906,0.704,0.7097,0.7206,0.7133,0.703,0.7011,0.708,0.7171,0.7271,0.7321,0.729,0.7302,0.7287,0.7299,0.7259,0.7283,0.7242,0.7249,0.7247,0.7354,0.7311,0.7316,0.7371,0.7321,0.7409,0.7361,0.7385,0.7385,0.7383,0.742,0.7407,0.7397,0.7345,0.7378,0.733,0.7345,0.7278]
    }