Acc_major=0.2193,0.3065,0.393,0.3463,0.4813,0.488,0.4368,0.4606,0.538,0.4982,0.4768,0.5282,0.5566,0.5942,0.5868,0.5804,0.4796,0.5856,0.5787,0.5775,0.6521,0.6613,0.6621,0.6687,0.669,0.6702,0.6704,0.6761,0.6725,0.678,0.683,0.6806,0.6768,0.6811,0.6835,0.6875,0.683,0.6844,0.6833,0.6797,0.6873,0.6878,0.6906,0.6937,0.6897,0.6916,0.6866,0.6925,0.6906,0.693,0.6911,0.6904,0.6961,0.6928,0.6978,0.6959,0.6933,0.6918,0.6942,0.6973,0.7002,0.6975,0.7004,0.7052,0.7033,0.7018,0.698,0.6978,0.6964,0.7059,0.7075,0.709,0.708,0.7095,0.7133,0.7116,0.7142,0.7128,0.7159,0.7185,0.7149,0.7202,0.7199,0.7214,0.7183,0.7187,0.7209,0.7206,0.7201,0.7187,0.7218,0.7187,0.7175,0.7201,
acc_descrizione=0.659,0.6814,0.6771,0.6418,0.6749,0.6866,0.6902,0.6613,0.7142,0.7042,0.6809,0.7042,0.6987,0.7118,0.7161,0.714,0.6861,0.7156,0.7273,0.7149,0.739,0.7392,0.7347,0.7421,0.7385,0.7202,0.7407,0.7378,0.7371,0.7318,0.733,0.7335,0.7316,0.7357,0.7402,0.7445,0.7323,0.7397,0.738,0.7357,0.7409,0.7428,0.7449,0.743,0.7447,0.7416,0.7426,0.743,0.7399,0.7452,0.7437,0.7411,0.7366,0.7433,0.7423,0.7421,0.7423,0.7416,0.7383,0.7414,0.7435,0.7392,0.7371,0.7342,0.7426,0.7395,0.7285,0.7335,0.7359,0.7466,0.7478,0.7502,0.7521,0.7571,0.7559,0.7568,0.763,0.7661,0.7654,0.7673,0.7645,0.7738,0.7771,0.7738,0.7807,0.7809,0.7788,0.7782,0.7788,0.7767,0.7769,0.779,0.7783,0.7765,
acc=0.43915,0.49395,0.53505,0.49405,0.5781,0.5873,0.5635,0.56095,0.6261,0.6012,0.57885,0.6162,0.62765,0.653,0.65145,0.6472,0.58285,0.6506,0.653,0.6462,0.69555,0.70025,0.6984,0.7054,0.70375,0.6952,0.70555,0.70695,0.7048,0.7049,0.708,0.70705,0.7042,0.7084,0.71185,0.716,0.70765,0.71205,0.71065,0.7077,0.7141,0.7153,0.71775,0.71835,0.7172,0.7166,0.7146,0.71775,0.71525,0.7191,0.7174,0.71575,0.71635,0.71805,0.72005,0.719,0.7178,0.7167,0.71625,0.71935,0.72185,0.71835,0.71875,0.7197,0.72295,0.72065,0.71325,0.71565,0.71615,0.72625,0.72765,0.7296,0.73005,0.7333,0.7346,0.7342,0.7386,0.73945,0.74065,0.7429,0.7397,0.747,0.7485,0.7476,0.7495,0.7498,0.74985,0.7494,0.74945,0.7477,0.74935,0.74885,0.7479,0.7483,

